446.16
150.57
412.31
161.83
458.02
147.76
436.42
253.31
254.19
239.00
180.03
147.87
234.71
421.01
237.09
411.42
386.70
340.36
402.59
361.67
329.70
162.45
234.74
228.19
414.78
243.12
246.56
233.61
183.53
393.81
261.08
309.51
305.96
220.92
230.92
238.79
343.74
161.64
364.74
344.79
166.34
235.27
261.30
337.37
151.47
175.32
392.61
182.24
344.94
251.77
373.40
364.85
193.60
380.85
362.41
354.17
392.12
288.60
165.75
430.19
145.41
217.34
243.01
199.33
391.40
352.33
264.92
384.74
414.30
407.92
240.33
363.71
140.20
420.42
237.68
372.08
161.25
325.84
320.16
205.77
253.58
234.11
233.61
158.10
368.56
395.27
218.62
249.18
187.88
250.11
238.84
241.32
375.56
179.60
323.33
356.29
360.64
258.98
346.38
322.13
864.26
1497.02
820.65
1726.18
1259.14
599.87
1097.38
1486.31
836.64
1444.86
675.08
1530.41
1507.33
1613.12
1579.62
1495.92
836.14
681.66
1283.29
749.46
1714.69
1677.96
822.58
1209.99
685.93
1607.41
837.51
791.20
594.24
846.50
1496.53
958.29
1074.31
877.68
1433.48
808.37
1087.57
1479.56
1483.26
865.59
664.55
970.62
1127.91
858.69
965.04
1381.36
1569.03
1425.08
922.57
1485.64
905.65
1483.06
1050.31
1467.93
1321.49
851.40
1202.78
1171.38
818.78
646.08
1342.37
627.85
1116.51
872.50
1496.37
1451.72
793.15
792.44
1722.26
491.99
792.95
940.30
845.62
1202.35
1286.50
1432.02
1443.39
814.68
738.25
686.68
1502.06
1257.40
950.79
1723.95
1007.22
1095.34
723.87
925.32
860.95
1370.67
1549.04
1335.95
942.02
632.71
564.61
1176.67
945.13
720.23
777.09
933.00
1917.04
1573.61
1538.89
962.76
1507.12
2058.33
1103.28
939.78
1256.77
1712.71
1541.88
1289.58
1564.04
1086.75
1771.88
1719.93
1613.47
1129.33
1873.55
1511.73
989.09
1303.33
1922.85
1732.55
1697.76
1440.51
1278.11
1854.07
1095.51
1636.12
683.52
1549.35
1093.17
1524.79
1046.23
1788.96
1131.40
1639.56
1681.28
1579.15
1084.25
1543.38
792.03
1606.86
1707.32
1783.84
1942.09
1800.36
1573.39
1806.15
1284.46
1262.79
1878.78
1578.73
1899.18
1063.60
1515.24
947.14
1486.18
1225.64
1527.55
1685.28
1812.46
1305.04
1564.07
1765.30
1782.96
1250.19
1401.40
1922.66
1613.42
1756.99
1519.21
1213.06
969.03
947.89
1817.85
1374.48
1592.94
950.08
2046.18
1199.87
1555.84
1982.44
1471.16
1872.30
1798.37
1148.36
1658.85
1210.99
2032.36
1910.75
2131.58
1924.51
1069.04
1492.66
934.57
1860.43
1557.35
1630.76
1460.79
1070.60
1409.11
802.06
1417.84
833.76
1003.86
1469.63
1410.07
1491.88
1084.60
1193.14
1015.67
1146.27
1189.52
913.83
1105.50
644.60
1113.99
1097.60
1553.14
888.44
742.10
1430.04
1550.55
1114.18
1283.13
1580.09
1128.26
855.70
637.28
664.20
662.69
1912.30
1240.55
789.40
765.10
661.29
1045.13
1092.81
746.95
886.77
1238.27
1331.21
1000.91
1086.10
1296.38
652.63
1076.49
1247.97
1842.49
962.02
645.97
1233.69
661.97
739.03
1304.94
1331.70
640.32
726.99
728.43
1124.82
1862.46
1291.18
638.13
1692.17
1507.49
935.04
742.02
1129.84
1049.49
1134.61
1327.31
1306.93
1224.50
1174.04
1435.97
653.13
744.67
1273.76
791.02
1076.57
1396.07
607.64
1127.86
697.12
1909.93
558.68
888.90
1399.88
667.31
1084.97
638.51
1414.94
1820.54
1123.19
1334.60
799.70
1165.60
1639.86
935.14
810.04
856.17
1136.10
727.72
494.80
981.24
932.46
547.34
1162.89
652.92
1034.93
791.99
978.71
749.23
621.69
1135.64
550.06
1243.91
561.60
1010.90
478.48
862.80
933.37
694.31
826.50
1309.39
731.36
483.46
1184.68
489.13
760.64
935.22
953.43
607.99
1484.77
913.70
817.13
811.52
1009.85
1019.73
896.07
590.71
673.74
570.59
1069.55
620.05
838.49
1067.99
710.22
287.94
310.28
292.26
719.38
1158.91
570.49
870.42
749.59
477.86
922.78
787.95
757.30
903.35
715.32
1149.03
496.66
793.00
1117.65
1179.84
352.86
746.95
842.13
1110.86
1072.00
714.81
746.22
1094.93
1085.99
779.33
414.17
575.92
682.32
306.83
370.75
737.30
646.64
1132.05
885.28
760.95
1088.16
541.49
631.95
395.39
767.15
297.94
287.84
1109.32
783.30
769.82
742.62
1055.65
891.60
664.80
314.28
1073.89
301.34
746.85
635.34
887.83
657.26
872.92
753.71
658.69
474.76
298.80
790.46
746.15
1159.85
924.53
449.51
965.13
749.54
1176.17
461.17
664.03
471.41
651.59
822.95
767.78
389.89
663.96
972.60
852.45
652.04
303.78
916.80
963.16
345.02
1086.44
632.70
983.24
1002.84
777.79
339.38
489.51
427.54
1149.92
1076.09
406.10
759.23
1509.61
1189.63
1300.90
1448.89
1208.31
516.39
715.35
700.38
1152.01
1460.07
760.40
1343.28
907.77
668.37
1466.87
777.21
652.68
593.06
949.83
1400.51
684.18
662.39
859.00
1480.88
1332.85
783.27
1492.72
716.79
1275.65
665.61
655.35
1168.86
591.83
621.21
810.87
1518.25
1379.69
903.24
1094.01
1324.39
1515.56
878.95
1100.73
1521.24
792.08
1444.93
1381.70
1212.04
747.72
1226.85
1498.21
730.58
1553.75
1373.30
588.75
1435.92
785.12
617.94
683.83
1522.13
817.22
1099.77
1161.56
1539.54
1453.91
760.37
1088.63
1167.04
1422.55
641.97
1514.88
559.87
1275.68
552.18
859.23
1318.74
1333.80
716.82
1477.04
1076.31
711.11
685.34
726.60
1485.91
888.16
643.35
1493.08
1308.70
802.43
1510.49
574.51
1017.71
718.57
990.49
943.49
1144.57
701.69
1339.31
1431.62
729.46
1863.04
1966.65
1997.52
1876.24
1839.30
1976.96
1956.67
1934.83
2047.07
1920.42
1968.02
1891.10
1858.24
1912.28
1881.19
1945.09
1850.20
1955.89
1888.64
1908.34
1892.45
1827.04
1969.52
1901.86
1964.64
1899.39
1894.35
2072.34
1769.78
1924.12
1852.85
1850.33
1927.28
1892.01
2029.58
1844.78
1795.29
1993.69
1867.11
1775.51
1853.25
2037.26
1873.98
1820.53
1836.16
1937.11
1848.05
1824.56
2115.09
2098.08
1852.93
1904.15
1877.48
1938.76
2006.48
1846.38
1937.93
2139.89
1852.83
1833.30
1818.86
1865.06
1838.44
1942.69
1933.47
1877.23
1892.03
1842.00
1947.40
1802.86
2153.90
1954.45
1884.57
1908.65
1884.34
2103.40
1861.81
1980.32
1925.62
1841.77
1923.17
1872.85
1860.97
1890.28
1206.92
1890.06
1913.37
1861.13
1820.04
2009.63
1832.46
1908.58
2140.58
1863.04
1957.98
1840.76
1916.27
2073.00
1316.38
1886.11
1349.19
1188.22
919.70
1895.43
1458.84
765.13
1292.84
1322.25
596.54
1167.76
2170.45
1512.80
1762.19
1741.20
1538.22
1926.55
1694.56
1781.38
1732.34
1322.44
1395.15
2151.69
1743.30
1814.24
1505.91
1452.22
1622.39
829.22
1954.72
1372.54
1700.24
1563.28
1834.27
1046.65
1338.53
2052.35
694.01
1834.72
1680.74
444.08
1951.19
2018.56
1189.82
704.13
1351.98
1687.25
1885.06
712.63
1600.94
1442.26
1508.86
1410.67
1177.17
2105.20
1590.12
997.85
1516.84
1908.81
1226.32
1884.82
1291.66
1053.92
859.21
187.24
1364.40
1156.88
1210.68
1894.89
1364.62
851.59
1432.30
1411.03
1407.85
498.78
1497.76
1601.48
1411.41
1626.98
689.72
1621.54
1265.22
946.95
1449.59
1866.05
617.05
1533.67
1503.60
1680.38
1063.39
1719.36
2114.77
888.19
1270.78
1336.50
1490.95
1726.83
1787.20
1315.97
963.16
1214.10
1407.96
1830.09
1597.41
1777.65
1833.42
1795.61
1818.08
1827.19
1365.94
1593.17
1378.11
1081.65
1192.01
1432.60
1436.90
1259.64
1408.59
1462.60
1342.98
1620.87
942.48
1652.21
1797.23
1192.09
1230.30
2127.09
1172.60
1611.10
1489.62
1861.87
559.45
1488.35
1382.08
1097.60
572.90
1430.93
1124.74
1207.13
1738.09
1301.70
919.53
1340.97
771.78
1794.09
1066.99
1861.53
1920.95
1120.95
787.05
1728.18
1619.12
1575.43
1828.21
2147.58
1500.07
784.66
1643.45
699.40
1219.78
1887.76
1889.30
796.47
677.67
1369.83
1642.89
1120.14
813.17
1684.19
1652.87
2030.11
1821.24
1864.35
989.72
1741.68
978.84
1418.24
1662.23
1950.26
1608.33
1733.22
951.75
1790.08
1911.72
1581.04
1590.68
1433.63
570.28
1047.85
800.48
1386.49
1955.94
1978.30
1242.03
1478.75
1198.33
1478.95
1631.42
1774.18
1333.26
1588.92
1471.25
1402.39
1945.15
1519.94
1073.28
1591.07
1357.65
1503.27
1634.14
1955.49
1454.85
1675.89
1741.44
1509.26
1613.49
2105.98
1860.88
2007.18
1521.91
1001.28
1095.52
2131.75
1937.83
1920.77
1357.17
1593.33
833.28
515.78
1419.29
1475.19
1196.15
1095.53
1188.39
1915.31
1931.71
1620.96
1709.32
1929.74
2000.69
1756.32
1524.59
1641.24
1785.32
1471.71
1987.67
1490.80
1315.47
1829.64
1794.16
1829.74
606.32
700.45
1936.40
1613.64
1734.34
2021.05
1631.18
1806.29
1570.05
1918.25
1283.87
1814.37
793.45
1597.58
1675.95
1315.08
1082.47
1493.73
982.59
1829.31
1607.84
843.18
1563.56
1775.23
815.42
1263.87
1619.11
1794.63
1829.50
1070.04
967.17
1027.23
979.02
1457.31
1413.40
775.22
1765.69
1155.93
1077.63
1788.62
1517.32
1050.00
1887.73
1275.05
1119.52
1554.90
606.43
1313.53
1169.19
1700.10
822.44
1318.62
1049.84
1895.17
1454.57
1403.87
1786.26
1681.71
917.93
1879.02
1744.26
1050.59
1162.84
1606.38
1578.78
1176.79
1716.41
1740.46
1671.90
1536.87
1400.97
1732.95
727.14
1392.30
1343.58
1624.21
1220.07
1646.65
1800.09
923.32
1495.00
1282.04
1838.00
1546.84
1364.95
631.27
1232.04
1862.58
1659.75
884.55
1817.89
1378.03
1254.58
1819.62
1487.05
1444.99
599.26
1046.11
1771.74
1567.49
955.01
970.08
1811.69
1186.55
1318.91
1744.15
1578.06
1503.55
853.90
1791.26
1559.46
1760.51
1812.31
1423.87
1516.29
1574.30
1889.86
797.57
1689.91
1680.56
1514.19
1350.98
1800.45
852.83
1611.82
1462.25
1817.94
2015.78
1575.18
1606.62
1437.78
1799.30
1674.41
979.27
1033.77
1288.03
1218.41
1474.97
1779.30
2151.73
1437.54
1297.71
1299.62
1198.84
1516.65
1145.95
1936.15
1713.90
1740.79
1128.38
1624.76
1763.21
272.69
2167.99
1411.61
1632.42
1621.25
1852.75
1895.95
943.10
635.52
1163.80
697.39
1748.00
1760.78
1918.09
477.94
1397.44
1721.21
1514.47
1607.99
1464.08
1186.84
1787.51
1054.65
1565.22
1620.35
1488.09
1968.91
1653.91
795.89
1633.24
610.70
1565.81
1782.51
1784.23
841.34
1453.43
1285.26
979.82
1659.15
921.37
1646.79
1629.20
1640.42
1959.71
1812.64
1506.11
1168.45
1219.40
1714.22
1283.34
1566.48
1416.26
719.46
1168.24
1345.42
999.93
1785.71
1358.72
2037.13
501.17
1735.01
1483.96
1845.91
1667.71
429.64
822.40
1821.08
648.81
1062.26
1528.37
1466.23
1732.96
1358.77
1810.09
1361.92
1791.54
889.06
1446.73
1512.58
1122.87
1472.44
1590.16
1580.70
461.32
1146.98
831.24
1436.73
1537.79
1105.16
1079.55
945.06
1116.06
1124.98
1574.63
1879.00
1914.47
1872.29
1348.12
1937.89
1795.55
1046.27
1239.28
723.79
1100.93
1508.30
1215.17
1804.02
1835.52
1499.32
852.00
1516.99
1239.28
1684.13
1721.44
1927.81
1202.76
1842.50
836.30
1569.55
1300.15
1133.75
1667.76
1354.48
1632.39
1825.41
921.13
1286.04
1549.80
694.07
1598.91
1400.07
906.84
1894.00
1457.66
2122.00
1190.58
519.55
1046.77
1487.60
1881.20
1766.72
1698.75
1371.08
1143.46
1612.66
1580.96
1428.28
1424.96
1782.93
1412.59
1587.12
1419.67
1708.08
1822.84
1843.27
1836.49
1270.46
1092.34
1054.91
1497.57
1571.13
1000.47
1943.64
1553.97
811.13
1468.51
1949.94
1472.48
1138.37
1072.24
1481.99
1263.14
830.53
1379.99
1014.41
1432.61
1229.39
1310.59
1623.05
945.25
1242.65
1181.38
1133.52
1497.29
1712.96
774.91
1732.67
1178.95
505.95
1325.50
1007.28
1462.07
978.56
1640.89
1225.92
1374.80
1240.11
1721.87
1104.96
1593.34
1193.18
1633.04
1929.13
2096.59
1629.41
1301.17
653.51
1755.10
1574.43
1486.17
1420.76
1449.09
1915.43
1501.51
1466.50
1500.06
1074.84
2041.42
1859.65
1850.01
1124.66
1389.93
1432.51
1620.79
1431.56
702.93
1805.18
1449.13
1729.06
1404.37
884.01
1711.04
1854.58
1403.09
1933.62
1503.13
1589.54
795.78
1504.38
2103.84
1400.49
1559.14
1831.84
1722.23
1446.85
1855.77
1448.50
1536.99
1536.04
1543.71
1504.54
2105.37
912.56
746.76
1864.83
1476.83
1261.04
440.54
1395.50
821.98
994.41
1843.51
1005.45
1521.16
1748.51
1738.17
1416.78
1846.43
1324.91
1133.35
1345.34
1838.64
1537.16
1672.73
1586.88
1397.64
924.98
1566.61
1486.72
1193.71
1451.57
1711.72
1565.97
1167.73
1679.72
1462.34
1645.50
1695.88
894.75
1937.34
1449.57
1797.78
1156.71
2034.42
1664.83
1938.71
1392.99
1094.35
1875.95
1765.24
1516.41
967.28
1292.34
1802.99
1536.56
1585.96
1384.69
458.58
1606.04
1047.73
962.12
1274.40
2164.33
1292.03
1431.09
1670.21
1011.06
664.19
1321.72
1500.85
1411.06
1567.03
1003.70
1071.65
1481.77
1322.08
1460.29
1441.23
1880.33
1643.44
1222.06
851.21
1428.98
1750.53
1513.88
1440.80
1508.65
713.19
1415.14
1017.89
835.56
1354.72
1463.23
1615.12
1835.45
1302.46
1728.73
909.24
1619.34
1842.45
1118.89
1906.77
1213.77
1851.17
782.39
624.87
1462.12
1086.25
1808.22
1322.39
1825.82
1594.25
1437.84
1678.64
1195.94
868.88
1804.18
1688.34
593.48
1198.47
880.42
1124.26
884.31
1478.99
1440.89
1546.62
1984.83
601.70
780.95
539.01
1408.62
1181.80
1574.94
989.64
2140.00
1615.74
334.89
1524.19
1115.13
648.86
1215.71
1454.91
867.11
1821.88
1801.35
1694.40
777.64
478.61
1525.73
1044.96
1502.40
1555.35
1183.59
1670.62
445.29
657.24
1722.60
1644.26
783.85
1011.68
1142.47
1463.11
1475.68
1390.58
1774.10
426.16
1275.77
882.19
1488.69
1623.77
1763.42
1670.63
1475.43
1908.23
1428.50
1898.52
1220.64
1611.10
900.46
1448.22
1316.97
820.59
1555.86
1651.03
1489.99
1718.47
1434.06
1663.08
1476.00
1179.70
1337.94
1259.69
944.44
1772.64
1634.29
1482.37
1370.37
2139.02
1800.12
1809.08
430.65
1217.64
1256.27
2006.04
1547.24
1135.46
1515.88
1016.70
1914.96
1683.65
2158.04
1627.57
1401.75
983.07
2024.11
1712.20
536.21
1237.84
913.76
1371.55
1558.83
1475.11
1472.47
1633.92
1452.72
1934.81
1428.11
1173.63
1424.09
1631.99
770.78
1422.40
1500.87
1084.47
647.20
879.35
1341.09
1079.12
1552.39
1017.07
1770.81
1706.25
692.76
1555.59
1478.01
1428.96
1284.84
1334.93
1772.96
1517.13
1919.28
2098.41
1966.58
1671.69
1361.03
1034.53
1471.25
1466.93
1725.39
1718.23
596.25
1842.14
1924.10
1802.66
1687.56
1327.28
1380.17
1224.14
1276.44
1737.04
769.70
404.90
871.21
580.96
1340.38
1055.38
924.79
673.25
945.46
1554.95
1436.69
685.22
1091.57
1891.95
892.13
1771.92
1843.74
1511.96
1661.30
440.04
1459.29
1416.46
954.59
1301.30
1264.23
1134.87
1962.44
1402.60
1528.88
746.48
2104.66
1161.80
1917.00
1107.04
1392.09
1311.10
1591.43
695.33
1455.10
486.72
1442.37
1731.57
1885.71
532.48
1751.06
759.41
1051.16
990.09
1237.69
1676.49
1414.83
1524.52
1495.49
930.09
732.40
1134.77
1892.74
1797.37
1113.04
1996.60
1853.85
1675.24
952.59
1551.45
1458.71
728.95
1572.74
1164.90
1812.85
1335.16
1375.84
1652.64
1470.06
1392.01
1664.74
1714.22
1626.85
1472.86
1271.53
1561.67
1776.49
1164.46
1692.44
1228.59
917.54
1652.12
1521.49
1908.23
918.53
1166.55
1175.93
1076.32
1791.95
1177.22
1942.76
595.61
1297.83
1331.85
1322.46
1513.56
1764.76
1893.35
1562.85
1155.59
1298.76
1745.74
2062.33
458.78
1918.91
797.20
901.84
1745.33
995.03
1446.59
585.77
1843.22
1505.69
1952.80
1925.70
1242.96
1618.03
1522.32
1945.27
1621.85
1460.99
914.57
866.11
1518.23
871.96
1687.69
1295.71
1361.29
2232.97
1600.99
1557.65
1587.07
1199.95
1810.84
1730.87
1937.73
617.19
1014.57
1117.24
1480.31
1845.11
1744.03
1506.30
1799.47
1651.32
1444.80
1649.65
1731.23
1500.44
1889.39
975.99
1297.77
1016.89
1764.87
1694.83
1731.03
653.71
1360.86
842.28
1279.13
1133.06
1144.43
562.40
1439.49
1427.57
1637.61
1176.42
733.13
1084.11
1554.18
590.49
647.73
1662.18
1733.09
1292.89
1741.63
1516.00
1743.50
1640.79
1611.99
1595.24
1372.06
1750.33
1583.88
1250.30
740.65
1121.50
1073.46
1470.96
615.95
1513.29
1889.29
1723.40
1359.91
1450.64
953.16
1731.15
2109.29
1465.07
1241.58
1826.06
1236.52
1342.50
1511.41
1598.30
978.06
1160.14
1839.35
1789.80
1869.60
1444.75
1613.12
1752.46
1641.01
1922.63
1680.43
1591.01
1741.90
1360.53
1757.82
1430.39
1624.22
1335.64
1515.07
1550.20
1452.78
877.70
673.81
1756.31
1597.57
1259.44
1050.44
1104.98
1510.36
1210.58
632.76
739.63
1620.64
1713.66
1476.40
1471.24
1906.65
1913.67
1929.09
1223.12
1525.51
1033.52
1219.06
987.99
1818.96
622.98
1786.02
1090.53
1681.81
1149.94
1404.00
1625.82
998.32
1498.33
1731.37
527.01
1402.83
1228.22
1397.72
1351.81
1551.94
730.29
1420.77
1527.19
260.87
793.95
1995.53
1578.35
1000.28
1161.12
1793.84
626.35
791.97
1924.97
1731.30
1722.33
1880.97
1802.76
1297.17
1529.51
1293.50
1780.88
1771.92
1606.78
1475.75
1983.60
616.40
1737.62
1263.06
1504.58
1510.88
783.79
1265.72
1484.53
1471.32
813.81
1426.91
1892.62
1345.34
970.86
1394.58
1386.75
1605.18
1912.77
1902.10
595.72
283.76
745.10
1552.33
1759.19
1129.76
1597.94
1537.72
1816.55
1740.10
1728.33
609.63
1795.17
1889.69
1558.62
1746.32
1910.81
1437.84
1888.46
1462.79
1301.16
1472.35
851.38
1601.29
1509.70
1758.12
1287.11
1408.29
286.29
1847.67
1424.68
1411.35
573.62
917.41
1846.06
1602.12
1742.94
999.42
1835.11
1442.99
875.63
1874.00
1292.27
948.47
723.70
1293.08
1886.17
1913.79
1451.21
600.51
1218.03
1152.02
1071.87
1691.24
1282.97
1371.05
1343.10
1502.39
1481.46
1837.96
815.35
1372.42
1861.69
1666.40
414.72
1822.24
1422.06
2152.51
1760.66
769.93
1205.17
619.18
1684.63
1672.06
758.65
1134.89
1712.20
584.67
1003.42
894.18
1661.01
1515.99
2129.30
946.83
1205.01
1219.76
1537.43
1946.30
635.41
1823.40
1304.17
1465.89
775.93
1569.42
1504.58
1864.64
1814.90
704.26
1620.33
1230.06
1838.14
1303.66
1623.66
1694.83
816.97
1167.56
1014.40
928.15
1489.99
1492.33
1656.78
1444.76
1362.03
1539.58
1254.92
1425.98
1391.44
1965.69
995.79
1819.28
1597.08
1670.92
1502.14
1100.89
1463.82
1924.03
1652.89
886.37
1536.42
1478.79
2038.15
1663.44
1764.77
1766.03
1411.88
1444.53
1639.74
1793.25
1135.35
1555.43
814.54
1721.28
1811.78
485.92
1620.85
1902.44
1785.73
1456.69
1468.97
763.86
1093.72
1810.81
1163.08
1732.34
1263.93
732.86
1507.83
1622.09
1387.18
1769.24
1264.70
394.69
908.32
1780.45
1958.06
1838.00
1638.44
1935.58
1325.56
1532.55
1665.03
1600.80
1417.46
1494.96
1439.78
1639.97
1031.06
1513.35
1478.40
1198.90
1034.34
683.27
1847.13
1263.11
1473.76
875.82
1122.13
1453.51
1581.09
1106.08
1337.80
1701.60
799.28
1890.93
906.29
754.30
1701.26
1078.65
1639.81
1917.88
1126.08
1870.43
1824.21
1903.29
708.21
404.82
947.19
1512.57
1755.73
596.14
1761.57
1771.99
1253.29
1623.04
845.36
655.29
1737.98
855.71
173.98
1322.42
1875.14
1671.43
1623.98
1886.97
1732.19
2008.94
1679.66
1439.10
1315.66
1698.45
1031.84
1493.64
1458.43
1814.40
1184.42
1650.47
1178.87
1467.33
1557.96
1336.25
1425.92
898.10
1820.49
1072.88
1737.13
2050.17
791.60
1728.28
173.88
1831.20
1296.68
1683.83
1735.75
1081.10
1826.12
1868.29
1640.90
1611.46
635.75
1501.14
1765.96
1539.61
1487.58
1744.65
928.76
1875.03
1590.77
1309.53
286.95
1845.73
496.42
305.26
1287.07
922.80
1795.36
1803.12
1464.17
1848.24
1586.53
1453.08
1560.34
1165.44
837.67
1703.22
1207.54
1615.14
1349.52
1342.26
1661.91
1661.84
1481.61
675.90
1477.91
1507.36
1833.55
1079.53
659.33
1138.20
1158.81
1314.06
1061.45
1575.08
1541.59
1689.66
814.52
1684.64
838.23
1941.11
1897.89
1459.58
1114.98
1521.09
905.07
1843.80
1354.06
818.09
1649.05
1155.60
897.70
548.57
950.61
505.31
1852.68
1937.59
1545.52
1226.63
1216.37
538.78
1536.46
1709.99
1206.28
455.08
1634.54
1643.58
558.93
1342.47
725.44
1049.34
1188.83
2006.85
950.53
324.57
1279.52
1867.26
1469.20
1833.65
1914.60
1221.39
1604.91
1918.81
1297.54
928.77
1052.90
1710.16
1341.65
1603.96
1080.78
1516.53
2141.18
1627.45
1135.86
1884.66
1952.44
1371.67
1680.64
1534.06
960.64
1900.84
1216.48
1189.46
1529.08
1766.54
1487.74
492.87
1535.52
789.99
1147.23
247.72
1709.50
1891.68
1769.42
1227.59
1303.95
1703.26
1895.54
1591.89
1332.21
1465.44
584.27
1808.34
1855.91
1103.31
1764.24
1309.60
1726.20
1854.19
1617.56
710.24
961.97
1521.19
1842.04
1481.96
1209.96
1514.51
1419.96
1186.32
1822.73
1573.67
1816.33
1619.01
928.40
1841.23
1503.71
1660.98
975.28
1586.50
1196.68
946.35
1468.09
1663.94
1515.83
1458.92
1867.84
1235.60
778.28
973.07
1772.22
1704.28
1640.51
1380.76
1297.78
1313.04
746.14
1966.29
1110.50
1920.70
996.53
1635.29
601.01
1383.91
1214.99
1103.33
406.86
1685.08
1718.77
595.54
1130.88
2099.25
1824.05
1137.67
1859.65
1428.46
1583.81
1608.50
1484.95
2079.15
1013.96
654.90
1942.24
1647.08
1548.64
1847.60
2145.99
1501.12
1576.06
1583.21
1406.23
1258.20
1247.46
1327.94
1555.86
1494.83
1934.24
1525.22
1581.79
1608.42
1661.10
1314.97
1826.79
1024.60
1407.33
1410.22
1568.38
1982.72
607.12
1078.08
1399.33
1961.02
1777.56
1225.80
1941.55
1636.57
1657.79
1747.59
934.08
880.25
1791.40
284.51
1900.39
1905.61
1851.36
1731.59
1308.02
1495.61
1511.62
1838.90
294.64
1658.94
1212.10
1228.61
1903.55
1313.99
1190.36
1461.00
1648.01
1603.39
1458.12
1546.26
1398.36
1843.40
885.66
1342.33
1091.34
1186.42
698.34
662.18
1003.11
1600.67
568.40
1457.61
858.33
1486.19
1895.35
1927.38
1552.33
1890.30
1530.83
1366.85
1499.56
1949.96
1167.05
595.70
1208.52
1818.49
1601.35
1834.79
1874.17
663.58
526.65
1759.55
1135.44
1804.93
939.92
1835.09
1086.59
1605.05
1203.18
1108.40
1208.98
1432.43
1875.15
1236.59
1959.01
1494.19
1510.27
1581.74
1666.81
1909.59
1719.51
1580.23
1147.38
2114.15
1142.36
784.20
1570.04
1208.07
1585.38
884.28
1331.03
1294.63
1646.23
1600.57
1981.42
1241.35
1441.06
1559.78
598.05
1661.70
1531.66
1854.46
1865.98
599.08
588.13
1673.80
1871.76
1124.30
1890.56
860.77
1220.64
1371.23
743.94
2046.50
1422.41
1079.04
1781.30
1171.63
1472.66
969.09
857.54
1473.04
1587.08
1784.58
1516.45
1727.43
1597.13
1155.72
1843.95
1625.90
1263.41
1833.26
333.00
1710.08
1326.32
1655.47
635.26
696.07
1879.32
1875.25
1281.21
994.29
1558.23
1910.68
1692.84
1329.87
1622.18
1607.09
1188.55
1513.19
1629.12
1503.78
1154.64
1341.59
934.68
1747.07
2032.41
1559.93
1889.09
2164.36
1846.96
1520.66
1635.47
686.88
865.56
1495.97
812.44
1450.48
1444.60
1906.61
919.35
1714.63
1630.39
1581.28
1624.57
1555.24
1809.12
509.96
957.85
694.86
1431.56
768.46
1825.24
983.58
2032.92
1611.58
1358.07
1076.08
449.83
953.74
1731.63
1441.97
1660.40
1048.51
961.10
1420.89
1321.87
1459.44
940.04
958.32
1546.58
1519.55
1850.71
803.27
1241.36
530.42
875.19
1678.66
1383.84
1817.37
1492.81
1659.74
1526.29
1846.32
1859.85
1107.00
1893.99
1513.13
1605.02
973.47
1494.64
1759.79
383.52
1854.73
1877.01
1106.96
1501.15
990.37
1737.38
1200.91
1492.67
1504.28
1488.70
659.33
1735.54
1609.94
1628.53
996.51
975.59
1845.15
710.65
1752.70
1931.27
835.45
1445.94
1984.55
1456.83
755.13
1747.36
1212.87
1290.37
1341.12
1862.81
1001.78
1347.93
1957.82
1543.41
1170.39
1632.79
1607.41
1359.30
969.11
1414.28
1145.28
733.11
1273.14
1438.22
412.86
1437.08
546.55
1502.76
1221.08
1753.17
1783.77
1885.12
1434.36
1497.45
410.47
959.55
1477.77
1869.99
1204.18
1645.59
1883.26
1620.43
1461.63
1562.50
1200.19
1579.84
432.16
2146.92
1416.13
994.03
774.59
667.99
1857.22
1449.03
1423.14
1926.12
1788.47
1344.34
1594.08
1530.23
1064.00
1867.10
1609.48
1613.08
1537.94
1506.79
1916.05
1519.30
1714.01
1041.19
854.22
1733.40
1789.17
1429.99
1034.72
2024.39
1368.16
1799.97
1596.89
1599.54
1490.10
1190.73
1477.16
1350.88
1918.35
1233.00
1746.86
1636.42
1544.16
2163.02
1326.96
1365.99
1625.02
1565.13
1447.56
932.54
1078.51
1555.69
1473.14
1820.65
1638.72
1307.04
845.50
1193.17
1047.63
1868.31
1511.54
1266.05
1847.30
1424.94
1743.69
2021.34
1815.40
1606.13
1650.84
1580.46
1219.22
542.74
1618.19
2047.82
1809.15
1774.52
2163.99
1654.71
1796.15
1371.26
1010.45
1325.13
1758.25
1622.38
1611.43
1197.04
1658.32
1762.66
928.30
1809.95
1426.79
1919.10
2108.83
1317.02
888.10
1543.39
1818.80
1794.69
1673.44
924.29
1912.90
1816.82
1847.49
1429.03
1609.66
1906.98
395.12
582.33
1428.39
790.94
1375.26
1172.33
1740.98
1122.47
1239.48
1109.73
1196.49
1696.01
1679.24
1341.70
1207.11
1713.84
1591.02
1520.00
944.88
1946.66
1504.72
1515.03
1362.13
1449.28
1738.95
1348.40
1140.40
465.34
761.75
1559.31
919.85
1441.77
1495.64
1592.99
2046.50
1890.80
1772.21
1642.37
1731.90
1430.74
1907.10
1421.38
1597.89
1863.26
1892.43
1459.26
1768.42
1565.53
1606.47
1779.10
981.97
1166.71
2002.70
2049.95
1467.13
1002.31
1672.48
1951.38
1508.14
1639.41
1600.97
1953.07
985.34
1761.88
711.86
1288.76
1585.22
691.34
1507.21
1603.80
1912.20
1773.30
1632.23
1227.06
1151.27
1241.49
1889.86
1850.36
1495.96
1715.45
1315.65
931.76
1757.43
1196.18
1589.31
1275.70
1532.01
1833.03
1924.81
1968.42
1515.38
1060.62
1896.80
1237.96
1603.00
1307.09
1698.39
1251.18
963.12
1234.29
1654.53
1460.80
1570.47
1114.66
1690.67
1664.70
1869.84
1941.49
1676.67
500.27
1394.35
1158.05
1410.91
2113.36
831.76
1586.19
1855.20
1180.14
1329.91
1806.22
1780.77
1541.35
1644.55
653.75
853.79
1163.68
1550.26
1369.01
1641.60
1592.48
1494.71
1369.97
1602.52
859.65
1590.65
1841.80
1935.26
1916.14
1821.31
1493.48
885.92
849.59
1554.16
1013.69
1471.79
1460.87
1609.13
954.36
1661.65
1878.18
972.11
1770.33
1032.67
924.21
1734.51
1309.85
1778.66
1831.61
1603.48
896.14
1446.46
954.00
1363.34
1568.42
1067.26
1668.18
1561.87
962.91
877.07
1398.19
989.33
1838.69
1312.66
1258.16
1658.21
1460.55
851.65
1216.40
1505.71
900.15
646.87
587.01
479.18
1357.29
1874.93
669.98
1602.94
1498.33
1570.34
1541.80
1687.28
1897.52
894.44
1467.03
2139.80
1565.72
1752.38
1344.14
1256.61
1696.33
1359.77
1229.64
1048.04
1614.64
1740.56
1475.53
1238.63
1540.69
678.31
1051.13
948.06
1686.26
1118.49
1409.51
825.97
1001.25
1428.72
976.96
918.67
443.87
1752.88
983.95
852.93
1871.57
754.62
1974.51
1373.54
1620.24
1827.58
1437.49
857.50
1794.19
1897.16
1807.63
640.00
985.37
888.83
1614.73
586.12
1522.70
1667.62
1474.82
1892.13
1106.25
1185.34
1689.72
1531.82
1929.69
1916.53
1485.33
1676.24
1768.66
700.14
1596.77
1009.49
1727.91
963.91
283.97
900.41
1025.39
1702.65
1836.44
1004.05
1488.85
1357.86
909.10
1419.63
1629.92
1439.43
1581.45
1820.22
803.38
1604.81
832.72
1768.95
1179.99
1243.18
924.85
1974.86
1386.56
1295.62
1842.43
1584.47
1237.71
1922.52
1583.59
1462.60
1962.38
1730.14
1171.36
1498.00
1421.28
1649.13
1280.19
1678.65
1181.92
1604.68
1607.02
1833.05
1826.00
2141.59
2140.95
669.71
1440.64
1930.56
1563.44
775.91
711.49
1074.60
2077.58
1335.86
1441.12
1759.08
900.06
1612.80
1522.80
1731.58
550.83
1021.19
1714.39
1709.59
951.46
1176.91
1905.64
1771.62
1700.94
1689.89
1192.89
559.60
1933.06
1456.00
1255.47
2159.53
1487.78
1768.51
1248.96
1675.32
1753.88
1865.75
1795.52
921.17
1678.20
1336.22
1574.52
1876.39
1438.45
1718.98
1342.62
1813.57
809.98
674.01
1201.70
1425.52
1742.78
1200.92
1881.68
1345.28
1470.58
1468.11
1416.30
1473.66
1176.45
1906.42
1884.68
1296.82
853.10
1111.96
1483.87
2123.52
883.12
1822.51
1290.46
2060.02
1378.26
1916.83
668.27
1619.47
1402.24
1119.33
1462.06
1170.37
977.76
1586.63
1222.62
1716.20
1526.22
1398.39
1671.89
1432.57
1537.26
1369.64
2171.06
1508.92
1386.52
1140.73
1134.44
1918.07
1613.49
1537.85
813.36
1410.47
1829.33
1551.12
1841.37
1954.85
852.29
1546.34
1749.44
1517.52
951.19
1913.65
697.44
1561.69
1620.04
1532.24
1260.12
869.98
1116.97
1770.82
1149.43
1583.13
1724.75
1465.27
1770.56
1344.02
1828.34
1607.16
1663.29
1718.31
476.01
1321.71
1201.15
1783.32
1880.53
502.95
1150.90
1337.82
1714.59
1916.75
1318.47
1864.08
1833.48
1046.28
1605.78
1916.79
1575.08
1529.26
1477.19
1216.33
1843.96
1437.55
1315.06
1417.96
1784.17
1263.13
688.24
1360.06
1919.63
879.73
1534.27
1615.70
1351.14
1471.42
922.45
740.17
1706.01
1653.37
1147.44
1154.21
1913.20
1401.09
1881.90
615.13
1521.79
767.12
1298.84
1348.13
894.25
970.10
1344.89
802.77
1828.50
1346.95
1304.47
1892.87
1353.81
1474.93
1584.14
1318.67
1300.47
1314.04
1440.61
1640.82
910.70
820.15
947.90
582.66
2044.68
1725.19
1410.07
1143.91
494.16
1200.10
1415.08
1445.60
1207.80
2181.88
1232.62
1385.68
1560.99
1811.66
1786.91
1669.88
1680.54
1441.27
1758.25
1838.78
1411.18
1556.79
1554.00
807.34
1708.85
1300.15
1195.04
1840.77
1947.82
1818.59
1170.69
1617.92
905.91
906.31
1859.52
1165.43
1661.11
476.36
1420.05
1744.11
851.67
1606.59
1713.00
1892.68
279.70
1320.68
2025.33
1920.14
703.01
1284.01
1581.42
1879.05
1714.11
1958.72
1371.28
1515.57
769.61
1501.32
1073.80
798.61
1380.24
236.31
1878.55
678.98
656.35
1601.49
1325.53
2112.10
1209.01
1958.33
1929.62
902.49
1868.37
1505.93
1968.97
787.63
628.84
1645.15
1723.39
1616.59
623.75
1685.90
2160.11
1182.69
1265.28
706.42
1745.85
1829.21
1602.10
2102.80
1625.10
1538.47
540.58
1062.44
1739.88
1967.69
1860.47
1798.31
763.51
1602.25
1409.12
1868.51
1327.21
1370.60
1636.49
1619.95
738.32
1786.06
1338.39
1515.66
1860.68
1358.30
1336.48
1496.31
1928.11
880.91
910.77
1932.38
1763.58
578.37
1566.30
1509.00
1505.89
1860.81
1820.61
1414.56
981.44
1766.54
1533.52
1591.17
741.14
1437.77
973.77
1505.41
1365.38
1494.67
1864.59
1671.33
858.80
1598.76
1436.28
1202.81
1371.72
1840.71
1747.73
1566.38
1764.72
1350.87
1912.35
1584.04
1874.41
1914.95
1303.08
1345.68
1562.76
1295.57
1708.10
1703.09
1912.14
1480.13
1727.95
1913.56
561.65
1308.34
681.76
1737.75
1449.11
1642.11
1411.09
679.06
1387.54
1375.25
1444.31
1255.71
1816.87
1896.55
1235.63
1928.69
643.59
1526.78
939.59
1615.88
1239.13
1164.03
1680.73
1396.65
1173.68
688.69
1444.68
1428.62
1476.38
1785.50
1710.11
1474.57
1761.40
1762.24
1527.37
1535.87
1251.51
1296.80
1443.68
1978.89
918.77
959.58
1945.29
745.74
1806.21
1585.55
1482.64
1409.02
1796.90
1442.06
1882.89
1796.75
834.23
1747.80
1149.01
672.00
1303.86
941.05
1778.66
1927.58
1533.32
1450.64
1647.87
340.01
1635.93
1192.01
1110.49
1703.28
1094.56
799.24
1758.57
905.86
1368.59
1747.64
850.41
1523.66
666.25
784.41
1387.97
1759.07
1203.68
1625.63
1551.10
1184.48
1890.70
1686.06
1616.59
1588.53
1427.79
1461.14
668.00
1748.13
1840.56
780.40
766.04
949.08
1666.74
1836.11
1188.05
1950.85
1282.81
1205.24
1960.67
1301.26
1940.47
811.23
1391.20
1557.29
942.67
1824.80
1341.28
1246.66
1761.99
1302.94
951.74
1785.14
1976.32
1618.25
1672.00
1146.25
1186.00
1308.48
1637.52
1268.89
1918.70
1550.82
1241.88
1233.24
746.59
1823.04
1586.36
1241.96
1423.73
1869.29
2132.17
754.53
1774.73
1773.69
841.40
330.44
1479.64
1274.23
1361.83
1181.63
857.46
1646.72
1718.52
1473.40
1688.90
1624.97
1448.14
1017.99
1532.52
1008.80
1201.09
1406.08
1128.45
1134.39
689.60
974.70
1870.94
2057.63
1722.04
1818.30
1195.92
1606.24
1571.79
1045.91
1345.63
1893.95
1208.37
1750.46
1648.10
1996.27
1563.70
1377.01
1525.32
1915.73
1029.09
861.15
1432.86
1556.24
986.72
978.88
1226.46
1274.88
1819.01
1454.14
1356.99
1822.91
1641.47
1633.87
315.06
375.71
1945.84
1594.25
1007.78
1878.46
835.67
1011.09
717.22
1644.49
1191.79
2032.75
902.36
1485.58
1424.67
697.44
1882.01
1182.41
650.19
1294.48
1728.23
1651.81
1285.93
1937.32
1482.76
657.29
1830.78
2078.61
1423.33
2066.60
1197.16
2110.29
1160.35
1836.63
977.25
1445.05
897.07
1176.85
1319.36
1415.35
1333.32
1515.99
791.61
728.51
1522.14
1267.16
1925.46
1784.24
1563.56
740.01
1361.86
1148.15
884.08
1587.21
781.81
1449.84
1365.22
1428.87
1424.28
1738.07
953.11
952.93
1797.55
1360.10
1895.47
965.47
898.06
1820.32
1031.11
1337.10
1662.22
1472.00
1252.86
247.90
1838.60
1330.20
1998.11
1252.97
1547.60
1313.43
1945.57
1749.71
1686.18
1628.82
1847.73
769.02
1871.63
1490.40
1520.46
1712.95
1786.30
1446.17
1334.11
1832.90
1746.91
1148.20
1745.77
1361.98
1039.99
789.44
1353.32
1936.28
1213.29
875.62
1635.75
795.45
1595.41
1308.70
1205.93
1553.97
1512.37
1582.29
1094.97
1683.98
1104.69
1201.02
1056.55
1468.01
1516.35
1513.24
870.54
1353.23
882.38
1804.31
1247.94
1580.11
1110.35
2127.10
1883.98
1269.42
1854.82
1232.53
1789.36
1526.10
1271.98
1393.79
1578.80
1362.51
660.49
1597.89
1418.55
1016.92
2068.88
1323.08
1815.53
1120.77
1449.62
991.78
1919.94
1510.43
1862.52
1590.99
1540.05
1323.32
856.54
1646.42
851.27
1428.45
1079.97
1256.89
1120.12
1950.83
1743.37
1550.47
1214.37
974.53
1611.99
2187.16
1798.53
667.12
1250.87
1168.83
1552.17
1505.71
1474.87
1568.19
1450.13
211.23
1542.94
1734.47
1437.10
1639.23
1153.06
1905.63
1861.24
1020.54
582.07
2133.58
1145.63
1689.82
1693.31
1430.55
1976.00
1183.71
1716.34
1783.17
590.97
1327.35
288.60
1716.48
932.83
906.52
1828.73
1916.93
940.47
1481.25
1597.14
1934.10
1818.13
292.76
1612.80
1193.27
1878.90
1176.48
1970.10
1971.07
1923.68
1468.68
1641.29
1233.80
1439.00
650.43
1677.28
1538.82
950.32
1154.07
1709.56
1424.72
1764.71
317.07
1754.37
1695.35
974.95
1150.91
799.91
1499.68
1209.13
1197.04
1258.50
1112.00
1536.19
1543.55
1088.13
1368.78
1592.82
1376.40
1542.21
1284.08
1750.64
1837.56
1144.66
1235.52
975.67
1611.66
862.06
665.65
1300.84
906.31
1857.18
1379.43
964.91
1874.64
1123.25
1948.53
1238.60
1193.87
1364.41
747.94
1338.83
1343.63
1364.01
1870.47
906.15
1334.31
1455.56
1694.87
642.10
1368.31
1416.92
922.28
1942.76
1844.08
1030.11
1372.07
1273.43
1691.18
1510.72
1386.99
1068.22
830.16
1984.90
1193.87
2002.78
1127.81
888.94
1937.94
1402.52
1506.85
1126.52
1396.49
1508.05
1288.76
1295.04
854.42
1389.75
1330.97
1321.20
1497.37
749.04
1408.39
1080.29
1345.46
1428.88
1690.04
1950.19
1624.96
1190.23
1920.20
963.29
1640.20
1153.55
1813.55
1195.80
1228.86
1586.71
1638.11
1772.01
715.11
1261.09
2102.86
1801.20
1815.56
1339.76
1927.65
1793.70
2044.55
1581.29
1527.92
1570.63
1882.32
1454.56
1229.13
1421.66
1486.01
1360.21
768.32
1179.68
1834.53
1267.29
1542.53
1888.89
1832.33
1530.88
909.53
1520.15
1871.09
411.94
1465.24
1408.14
1595.29
1639.13
1138.61
1382.12
803.49
564.48
1335.78
1813.39
1951.75
1828.49
1807.04
1270.09
1632.41
1717.04
1886.46
913.69
1753.84
585.83
962.04
1047.77
1467.53
1018.72
1606.12
1195.97
1526.01
1602.08
1834.10
1420.09
1404.88
1679.01
1400.06
1592.37
1905.70
1688.22
967.99
1295.92
1768.39
1209.78
1387.73
955.42
877.43
1556.13
1772.22
1036.48
841.96
1201.99
1731.13
1436.22
1359.64
973.77
1775.67
1595.94
1584.72
1632.75
1431.31
1066.15
731.12
1327.16
937.41
934.98
1798.66
1946.51
1290.50
1945.38
954.59
1246.29
1061.43
919.00
1051.25
1294.83
1565.15
1450.85
812.07
1477.28
1827.49
1488.10
1269.32
1727.30
1563.65
1811.13
1265.35
893.05
1379.39
1688.42
1341.34
1175.35
1595.72
1174.84
557.15
1711.41
1628.61
892.92
1074.09
1217.37
986.63
1644.33
1400.45
1161.34
1135.31
1682.04
1653.86
1752.90
1821.84
1442.02
1446.40
1646.89
1745.71
1633.29
1955.22
1820.29
1614.39
1736.44
1176.54
1418.99
1187.41
1150.63
1742.84
1317.82
1232.09
1726.29
687.21
1870.97
1145.79
992.48
1016.63
1913.45
1551.94
1501.77
1628.25
1411.96
1621.40
800.54
1380.61
951.18
1457.15
1712.35
1035.73
1468.11
1442.71
1079.34
1227.23
885.92
1511.21
1791.85
1024.16
1297.59
692.03
1556.08
570.28
1072.80
818.67
1397.10
1601.59
1983.39
2112.09
1372.27
1183.46
730.67
925.96
1868.10
1579.00
1346.99
1419.73
1500.59
1215.80
1949.80
1486.40
1069.64
2165.51
2117.89
1912.66
1673.18
1570.43
753.10
1531.53
1230.09
1466.55
1491.79
1000.26
557.91
1925.22
1378.36
885.64
1495.58
1644.56
1072.63
1624.74
1900.42
1048.07
687.42
1305.15
1761.97
711.06
669.80
589.58
1806.43
1675.45
1356.34
1859.93
1323.66
1906.52
1602.60
1397.48
1617.74
1929.97
1556.94
1272.67
1535.89
943.42
705.96
1502.22
1585.27
1491.66
1591.47
865.57
1801.35
1817.33
1800.29
1822.96
1596.54
1769.63
1440.46
2076.47
1773.41
1122.45
823.37
838.12
1750.53
1035.26
1654.93
1684.90
1507.76
1103.82
1416.73
1333.43
1510.27
814.14
1272.33
1800.21
778.32
1740.32
972.67
1651.83
1450.10
1166.42
753.22
1551.68
1317.56
1527.70
1512.93
1220.81
1704.84
1290.36
1424.57
1425.53
1829.35
993.11
1873.52
1638.38
1590.85
566.08
567.52
1821.89
1085.04
844.78
1570.78
886.75
1600.39
1733.44
1671.15
1768.87
1797.02
1545.75
1825.06
1900.21
1207.76
1320.60
1495.28
1581.34
1110.73
1118.67
1506.86
1232.87
1206.50
1624.14
1650.68
1114.30
1502.17
1753.19
656.26
657.25
1719.69
1463.21
1467.11
1734.80
1611.64
1246.03
1057.99
1656.64
1386.97
1041.02
1864.63
1439.27
1850.86
1494.07
1651.67
1102.34
1475.26
1684.06
1780.42
2160.55
1018.01
647.50
1169.29
1404.48
1059.46
745.33
1852.81
1153.06
1834.30
1232.40
1771.76
1827.41
1705.01
941.66
1506.76
1605.48
1095.51
708.45
596.62
1240.92
1765.57
1679.99
729.99
1311.98
1524.35
1688.40
1558.61
1894.93
1972.05
1867.75
1497.05
1957.97
989.83
1208.34
497.03
1713.94
1479.70
1341.57
1516.20
1592.76
2118.66
1830.32
1721.68
1472.82
1434.30
1460.42
1607.87
1954.76
1932.86
1279.23
815.48
1752.05
1265.22
1298.73
1406.32
1450.31
1906.33
1075.73
977.90
1227.10
473.66
1549.74
1585.72
1553.73
1513.39
1113.08
1146.75
1331.24
1066.17
544.67
1551.69
909.91
1606.85
972.42
1881.20
1022.60
1949.06
1836.62
1721.51
1630.95
1914.48
1402.86
1854.82
513.54
1242.81
2118.64
1128.41
1255.37
1502.99
1590.06
436.29
1464.68
1488.53
1286.27
1868.80
1869.66
370.55
1512.78
496.53
1569.53
1418.45
1598.95
1432.40
1755.55
1951.74
561.60
206.79
1404.79
1183.26
1152.83
1223.34
841.27
1732.38
889.97
1801.27
1504.64
832.94
818.12
1267.04
1685.98
1671.31
724.28
1658.39
1527.95
1139.09
588.40
814.80
1536.39
1278.27
1046.31
1494.53
886.11
1607.52
598.47
1260.85
1677.31
1575.02
1948.47
1614.42
1526.14
884.02
1683.21
794.34
1626.50
1183.08
1624.39
1325.76
1213.48
1477.94
1489.99
1572.15
1305.95
1893.45
1782.09
1825.43
887.04
1790.99
1323.40
1478.72
1933.35
1655.67
1710.32
855.95
1289.85
1287.60
1911.36
1421.83
1859.57
1749.11
781.55
1581.67
1685.60
1794.33
1114.98
1090.06
835.23
1505.47
2139.65
1014.87
1776.62
1609.31
1178.96
715.31
1721.19
856.51
1496.43
599.11
1127.39
1147.75
1306.10
1838.52
1922.66
923.58
1623.59
892.05
665.77
1317.43
1230.36
708.65
1543.94
1785.07
1119.10
1526.09
1141.69
1256.78
1533.02
1488.43
1151.11
1191.77
1367.99
429.45
586.20
1598.08
1208.64
1183.66
1089.61
1305.10
853.50
954.86
1777.70
772.31
931.81
1443.38
1586.29
1581.79
1137.58
1557.61
1594.14
1795.31
1443.01
1899.93
1410.15
1647.17
1778.13
1116.49
1693.19
1511.00
1874.03
1426.86
1236.09
1757.35
1427.60
1769.73
1911.97
1916.92
1847.18
1677.66
1099.66
1594.90
1695.68
1201.53
1260.75
1138.99
1597.00
1952.07
1784.39
1958.82
1356.18
930.38
1433.10
1670.26
1591.59
1750.07
641.16
1452.15
541.61
1428.53
1962.24
1533.08
1584.08
960.22
933.66
1659.85
1342.98
1338.26
1477.72
1257.67
1913.26
1671.59
675.98
1218.79
1726.75
1320.86
1305.64
1468.35
1447.09
1054.05
728.30
559.42
1873.96
923.59
1705.20
1892.39
1594.65
1556.36
1939.88
899.31
1360.55
1477.90
1399.35
1293.69
801.52
1829.48
1563.88
1440.73
493.09
1187.22
1583.01
1519.09
960.75
1911.79
899.52
820.22
1410.51
1258.73
1814.38
1441.64
992.29
1870.71
2031.43
1792.41
1404.64
1136.72
671.92
1821.61
1447.81
1683.07
423.81
1736.86
1734.31
1686.90
1532.04
1825.99
929.04
751.35
1749.40
1683.99
1665.77
1425.37
1136.42
1414.89
1096.48
875.01
1969.33
1083.65
1352.00
1433.54
1026.74
1203.82
1557.76
1913.56
1339.13
564.99
1511.70
1133.28
1519.43
1501.09
1347.41
1761.26
1530.48
1611.07
1883.84
1512.11
998.77
1403.92
2120.07
1221.24
1511.34
1428.93
1100.92
1303.55
1482.82
1098.60
1540.01
802.84
1436.42
1030.93
1191.30
1464.72
701.52
1378.12
1962.69
875.80
2169.25
951.43
1133.70
946.81
1611.08
1809.68
1387.02
1489.05
1238.93
972.98
762.42
1877.17
1226.73
1838.92
1649.18
1711.11
927.40
1479.27
1336.67
1824.34
1132.87
1337.85
1687.05
754.21
1879.40
1885.16
1895.56
1816.74
1783.23
1067.55
1741.50
294.42
1362.55
1197.30
1412.59
818.91
2143.70
1384.76
1408.99
909.62
1934.77
921.97
169.70
779.05
950.39
1910.22
1980.49
1781.12
1607.14
1906.34
1283.21
1576.08
1047.62
1196.90
1492.45
942.71
917.73
1691.39
1239.10
729.26
1436.04
1711.85
1416.50
1671.58
1799.27
1121.12
1946.21
1629.38
1466.67
1679.33
1433.72
1264.78
823.83
1055.20
604.04
1611.26
1653.16
1717.38
1473.71
1274.09
1337.38
1311.87
605.21
1718.98
1620.51
1494.99
1780.24
1571.12
1265.28
2047.91
831.36
1310.05
741.76
1676.57
1418.81
978.21
1322.19
1778.12
1719.78
1619.31
1331.74
707.04
1980.61
967.00
1415.99
1491.14
1257.79
1513.65
1379.03
1475.51
1113.03
951.39
1934.54
1590.66
699.22
1803.76
1366.86
1578.32
609.39
1868.83
1394.20
519.66
1216.48
1457.78
311.24
1413.24
1216.01
1397.09
1667.37
1452.82
1245.04
1711.15
2163.22
619.76
1588.35
679.73
1588.79
1416.08
1160.33
1243.41
1578.18
1829.48
1483.46
1420.77
1942.73
1093.25
1756.95
1421.01
1348.08
1227.27
1762.64
450.07
1095.65
1037.21
949.59
1781.47
772.82
1079.48
1807.29
1492.09
1228.14
364.57
1328.42
1068.27
1042.77
1136.43
848.75
1625.63
1688.74
1854.08
1378.16
1695.96
919.48
1564.12
1816.24
1615.17
1551.50
2169.05
1285.58
1421.32
1410.30
1212.64
2011.80
1840.90
1513.05
985.83
1818.06
877.37
1441.41
894.09
1845.83
1468.99
1170.19
1544.52
1567.55
2045.56
1617.82
213.81
1555.89
1727.80
1357.98
1006.13
1346.34
1553.57
1431.57
955.94
1858.07
1561.38
1576.34
2037.15
1946.65
1554.80
1342.60
1477.30
1597.84
1389.53
396.20
1612.60
1813.26
1210.43
1230.47
1714.73
694.39
562.53
620.96
1813.94
1270.60
